yr[]	pop[]	stage[]	br[]
2	1	3	1
2	1	3	1
2	1	3	4
2	1	4	1
2	1	4	1
2	1	4	2
2	1	4	3
2	1	4	3
2	1	4	3
2	1	4	4
2	1	4	5
2	1	4	6
2	1	4	6
2	1	4	7
2	1	4	8
2	1	4	9
2	1	4	10
2	1	4	10
2	1	4	12
2	1	5	4
2	1	5	8
2	1	5	9
2	1	5	12
2	1	5	13
2	1	5	17
3	1	3	1
3	1	3	1
3	1	3	1
3	1	3	1
3	1	3	2
3	1	3	2
3	1	3	5
3	1	4	2
3	1	4	4
3	1	4	4
3	1	4	4
3	1	4	6
3	1	4	6
3	1	4	7
3	1	4	7
3	1	4	8
3	1	4	10
3	1	5	1
3	1	5	2
3	1	5	5
3	1	5	7
3	1	5	10
3	1	5	10
3	1	5	10
3	1	5	11
3	1	5	14
3	1	5	15
3	1	5	16
3	1	5	16
4	1	3	1
4	1	3	1
4	1	3	1
4	1	3	1
4	1	3	1
4	1	3	1
4	1	3	2
4	1	3	3
4	1	3	4
4	1	4	1
4	1	4	1
4	1	4	3
4	1	4	3
4	1	4	3
4	1	4	3
4	1	4	3
4	1	4	4
4	1	4	4
4	1	4	7
4	1	5	2
4	1	5	7
4	1	5	8
4	1	5	11
4	1	5	12
4	1	5	13
4	1	5	14
5	1	3	2
5	1	3	2
5	1	3	3
5	1	3	7
5	1	4	1
5	1	4	1
5	1	4	1
5	1	4	1
5	1	4	5
5	1	4	5
5	1	4	6
5	1	4	7
5	1	4	8
5	1	4	11
5	1	5	5
5	1	5	8
5	1	5	13
5	1	5	18
5	1	5	33
6	1	3	1
6	1	3	5
6	1	4	1
6	1	4	1
6	1	4	1
6	1	4	2
6	1	4	2
6	1	4	3
6	1	4	4
6	1	4	4
6	1	4	13
6	1	4	14
6	1	5	4
6	1	5	4
6	1	5	13
6	1	5	18
7	1	3	1
7	1	3	1
7	1	3	1
7	1	3	1
7	1	3	2
7	1	3	2
7	1	4	2
7	1	4	2
7	1	4	3
7	1	4	3
7	1	4	7
7	1	4	11
7	1	5	2
7	1	5	2
7	1	5	3
7	1	5	8
7	1	5	11
7	1	5	17
7	1	5	25
8	1	3	1
8	1	3	1
8	1	3	1
8	1	3	1
8	1	3	2
8	1	3	3
8	1	3	3
8	1	4	1
8	1	4	2
8	1	4	5
8	1	4	7
8	1	4	7
8	1	4	14
8	1	5	1
8	1	5	22
9	1	3	1
9	1	3	1
9	1	4	1
9	1	4	1
9	1	4	2
9	1	4	5
9	1	5	7
10	1	3	1
10	1	3	1
10	1	3	1
10	1	3	2
10	1	3	3
10	1	4	1
10	1	4	1
10	1	4	1
10	1	4	2
10	1	4	2
10	1	4	4
10	1	4	8
10	1	4	11
10	1	5	2
10	1	5	3
10	1	5	4
10	1	5	6
10	1	5	11
10	1	5	18
11	1	3	1
11	1	3	2
11	1	3	4
11	1	4	1
11	1	4	2
11	1	4	2
11	1	4	2
11	1	4	4
11	1	4	5
11	1	4	5
11	1	4	8
11	1	4	8
11	1	5	2
11	1	5	5
11	1	5	7
11	1	5	8
11	1	5	18
11	1	5	29
12	1	3	1
12	1	3	1
12	1	3	2
12	1	3	9
12	1	4	1
12	1	4	1
12	1	4	2
12	1	4	2
12	1	4	4
12	1	4	4
12	1	4	6
12	1	4	9
12	1	4	10
12	1	4	10
12	1	5	4
12	1	5	5
12	1	5	7
12	1	5	9
12	1	5	12
12	1	5	44
13	1	3	1
13	1	3	1
13	1	3	2
13	1	3	9
13	1	4	1
13	1	4	1
13	1	4	2
13	1	4	2
13	1	4	4
13	1	4	4
13	1	4	6
13	1	4	9
13	1	4	10
13	1	4	10
13	1	5	4
13	1	5	5
13	1	5	7
13	1	5	9
13	1	5	12
13	1	5	44
14	1	3	1
14	1	3	1
14	1	3	1
14	1	3	1
14	1	3	1
14	1	3	2
14	1	3	2
14	1	3	2
14	1	3	3
14	1	4	2
14	1	4	2
14	1	4	5
14	1	4	10
14	1	5	1
14	1	5	5
14	1	5	5
14	1	5	18
15	1	3	1
15	1	3	3
15	1	3	4
15	1	3	4
15	1	4	5
15	1	4	7
15	1	4	7
15	1	4	8
15	1	4	8
15	1	4	16
15	1	5	7
15	1	5	10
15	1	5	17
15	1	5	19
15	1	5	23
15	1	5	29
15	1	5	30
16	1	3	1
16	1	3	1
16	1	3	1
16	1	3	4
16	1	3	5
16	1	3	5
16	1	4	2
16	1	4	3
16	1	4	3
16	1	4	5
16	1	4	5
16	1	4	8
16	1	4	8
16	1	4	9
16	1	4	10
16	1	5	5
16	1	5	5
16	1	5	11
16	1	5	13
16	1	5	13
16	1	5	21
16	1	5	21
16	1	5	28
16	1	5	37
17	1	3	1
17	1	3	1
17	1	3	1
17	1	3	1
17	1	3	2
17	1	3	3
17	1	3	6
17	1	3	6
17	1	3	7
17	1	4	2
17	1	4	2
17	1	4	2
17	1	4	2
17	1	4	3
17	1	4	4
17	1	4	4
17	1	4	5
17	1	4	6
17	1	5	5
17	1	5	7
17	1	5	9
17	1	5	12
17	1	5	16
17	1	5	16
17	1	5	16
17	1	5	40
17	1	5	43
18	1	3	1
18	1	3	1
18	1	3	1
18	1	3	2
18	1	3	2
18	1	3	2
18	1	3	2
18	1	3	2
18	1	3	4
18	1	3	6
18	1	4	1
18	1	4	1
18	1	4	1
18	1	4	1
18	1	4	2
18	1	4	3
18	1	4	4
18	1	4	4
18	1	4	5
18	1	4	5
18	1	4	7
18	1	5	4
18	1	5	4
18	1	5	5
18	1	5	6
18	1	5	9
18	1	5	9
18	1	5	10
18	1	5	17
18	1	5	20
18	1	5	46
18	1	5	55
19	1	3	1
19	1	3	2
19	1	3	2
19	1	3	4
19	1	4	1
19	1	4	1
19	1	4	1
19	1	4	1
19	1	4	2
19	1	4	3
19	1	4	3
19	1	4	3
19	1	4	4
19	1	4	7
19	1	4	8
19	1	4	9
19	1	5	4
19	1	5	6
19	1	5	7
19	1	5	8
19	1	5	12
19	1	5	15
19	1	5	26
19	1	5	37
19	1	5	58
20	1	3	1
20	1	3	1
20	1	3	2
20	1	3	2
20	1	3	3
20	1	4	1
20	1	4	3
20	1	4	4
20	1	4	5
20	1	4	7
20	1	4	7
20	1	4	13
20	1	4	15
20	1	4	16
20	1	5	3
20	1	5	7
20	1	5	8
20	1	5	13
20	1	5	21
20	1	5	31
20	1	5	41
2	2	3	1
2	2	3	1
2	2	3	1
2	2	3	1
2	2	3	1
2	2	3	1
2	2	3	1
2	2	3	1
2	2	3	1
2	2	3	2
2	2	3	2
2	2	3	3
2	2	3	3
2	2	3	4
2	2	4	1
2	2	4	4
2	2	4	8
2	2	4	10
2	2	5	2
2	2	5	20
3	2	3	1
3	2	3	1
3	2	3	3
3	2	3	4
3	2	4	3
3	2	4	4
3	2	4	5
3	2	4	6
3	2	4	7
3	2	4	8
3	2	5	3
3	2	5	4
4	2	3	1
4	2	3	1
4	2	3	1
4	2	3	3
4	2	3	4
4	2	3	4
4	2	4	3
4	2	4	4
4	2	4	4
4	2	4	7
4	2	4	8
4	2	4	9
4	2	5	4
4	2	5	5
5	2	3	1
5	2	3	2
5	2	3	3
5	2	4	1
5	2	4	3
5	2	4	3
5	2	4	3
5	2	4	4
5	2	4	5
5	2	4	8
6	2	3	1
6	2	3	2
6	2	3	2
6	2	4	1
6	2	4	3
6	2	4	9
6	2	5	24
7	2	3	1
7	2	3	5
7	2	4	10
7	2	4	12
7	2	5	31
8	2	3	1
8	2	3	2
8	2	3	3
8	2	4	4
8	2	4	5
8	2	4	6
8	2	5	32
9	2	3	1
9	2	3	1
9	2	3	4
9	2	4	1
9	2	4	3
12	2	3	1
12	2	3	2
12	2	3	2
12	2	3	2
12	2	3	2
12	2	3	4
12	2	4	2
12	2	4	3
12	2	4	4
12	2	4	4
12	2	4	6
12	2	4	7
12	2	4	7
12	2	4	8
12	2	4	12
12	2	4	13
12	2	5	4
12	2	5	9
12	2	5	9
12	2	5	11
12	2	5	15
12	2	5	16
12	2	5	19
12	2	5	20
12	2	5	21
12	2	5	23
12	2	5	29
12	2	5	33
12	2	5	40
12	2	5	56
12	2	5	70
12	2	5	121
13	2	3	1
13	2	3	2
13	2	3	2
13	2	3	2
13	2	3	2
13	2	3	4
13	2	4	2
13	2	4	3
13	2	4	4
13	2	4	4
13	2	4	6
13	2	4	7
13	2	4	8
13	2	4	12
13	2	4	13
13	2	5	4
13	2	5	9
13	2	5	9
13	2	5	11
13	2	5	15
13	2	5	16
13	2	5	19
13	2	5	20
13	2	5	21
13	2	5	23
13	2	5	29
13	2	5	33
13	2	5	40
13	2	5	56
13	2	5	70
13	2	5	121
14	2	3	1
14	2	3	1
14	2	3	1
14	2	3	1
14	2	3	1
14	2	3	1
14	2	3	1
14	2	3	2
14	2	3	2
14	2	3	2
14	2	3	3
14	2	3	3
14	2	4	1
14	2	4	2
14	2	4	3
14	2	4	3
14	2	4	4
14	2	4	5
14	2	4	5
14	2	4	7
14	2	4	8
14	2	4	9
14	2	4	9
14	2	4	9
14	2	4	17
14	2	5	15
14	2	5	17
14	2	5	17
14	2	5	25
14	2	5	26
14	2	5	27
14	2	5	29
14	2	5	34
14	2	5	47
14	2	5	48
14	2	5	57
14	2	5	70
14	2	5	76
14	2	5	89
14	2	5	127
15	2	3	1
15	2	3	1
15	2	3	1
15	2	3	1
15	2	4	1
15	2	4	1
15	2	4	2
15	2	4	3
15	2	4	3
15	2	4	4
15	2	4	5
15	2	4	6
15	2	4	6
15	2	4	9
15	2	4	11
15	2	4	13
15	2	5	5
15	2	5	7
15	2	5	7
15	2	5	14
15	2	5	16
15	2	5	18
15	2	5	20
15	2	5	28
15	2	5	29
15	2	5	33
15	2	5	36
15	2	5	37
15	2	5	44
15	2	5	58
15	2	5	65
15	2	5	71
15	2	5	72
15	2	5	75
15	2	5	106
15	2	5	109
15	2	5	120
15	2	5	124
15	2	5	129
16	2	3	1
16	2	3	1
16	2	3	1
16	2	3	2
16	2	3	2
16	2	3	2
16	2	3	2
16	2	3	4
16	2	3	4
16	2	4	2
16	2	4	4
16	2	4	4
16	2	4	4
16	2	4	6
16	2	5	4
16	2	5	7
16	2	5	7
16	2	5	8
16	2	5	10
16	2	5	14
16	2	5	18
16	2	5	22
16	2	5	23
16	2	5	25
16	2	5	25
16	2	5	29
16	2	5	31
16	2	5	42
16	2	5	43
16	2	5	55
16	2	5	64
16	2	5	65
16	2	5	73
17	2	3	1
17	2	3	1
17	2	4	4
17	2	4	5
17	2	4	5
17	2	4	6
17	2	5	4
17	2	5	4
17	2	5	7
17	2	5	10
17	2	5	13
17	2	5	14
17	2	5	20
17	2	5	22
17	2	5	24
17	2	5	27
17	2	5	35
17	2	5	48
17	2	5	52
17	2	5	63
17	2	5	74
18	2	4	2
18	2	4	2
18	2	4	3
18	2	4	4
18	2	4	5
18	2	4	6
18	2	4	10
18	2	4	11
18	2	4	14
18	2	5	2
18	2	5	5
18	2	5	11
18	2	5	17
18	2	5	20
18	2	5	34
18	2	5	35
18	2	5	44
18	2	5	45
18	2	5	45
19	2	3	3
19	2	3	4
19	2	4	1
19	2	4	2
19	2	4	3
19	2	4	5
19	2	4	5
19	2	4	6
19	2	5	5
19	2	5	13
19	2	5	18
19	2	5	21
20	2	3	2
20	2	4	3
20	2	4	5
20	2	4	5
20	2	4	7
20	2	4	19
20	2	5	1
20	2	5	9
20	2	5	44
2	3	3	1
2	3	3	1
2	3	3	2
2	3	3	2
2	3	3	2
2	3	3	3
2	3	3	5
2	3	3	6
2	3	3	7
2	3	4	2
2	3	4	2
2	3	4	4
2	3	4	5
2	3	4	8
2	3	4	11
2	3	4	19
2	3	4	21
2	3	5	4
2	3	5	4
2	3	5	5
2	3	5	7
2	3	5	8
2	3	5	8
2	3	5	9
2	3	5	9
2	3	5	13
2	3	5	14
2	3	5	16
2	3	5	17
2	3	5	17
2	3	5	17
2	3	5	18
2	3	5	19
2	3	5	22
2	3	5	25
2	3	5	25
2	3	5	27
2	3	5	28
2	3	5	28
2	3	5	31
2	3	5	31
2	3	5	31
2	3	5	43
2	3	5	55
2	3	5	56
2	3	5	62
2	3	5	62
2	3	5	79
2	3	5	118
3	3	3	1
3	3	3	1
3	3	3	1
3	3	3	1
3	3	3	3
3	3	4	2
3	3	4	2
3	3	4	2
3	3	4	3
3	3	4	3
3	3	4	3
3	3	4	4
3	3	4	5
3	3	4	5
3	3	4	7
3	3	4	8
3	3	4	9
3	3	4	12
3	3	4	18
3	3	5	3
3	3	5	4
3	3	5	4
3	3	5	4
3	3	5	4
3	3	5	4
3	3	5	4
3	3	5	5
3	3	5	5
3	3	5	6
3	3	5	6
3	3	5	6
3	3	5	7
3	3	5	12
3	3	5	12
3	3	5	14
3	3	5	14
3	3	5	15
3	3	5	25
3	3	5	28
3	3	5	32
3	3	5	33
3	3	5	33
3	3	5	41
3	3	5	44
4	3	3	1
4	3	3	1
4	3	3	1
4	3	3	2
4	3	3	2
4	3	3	3
4	3	3	3
4	3	4	1
4	3	4	1
4	3	4	1
4	3	4	3
4	3	4	4
4	3	4	4
4	3	4	4
4	3	4	4
4	3	4	5
4	3	4	7
4	3	4	8
4	3	4	11
4	3	4	19
4	3	5	2
4	3	5	3
4	3	5	4
4	3	5	6
4	3	5	11
4	3	5	14
4	3	5	16
4	3	5	16
4	3	5	17
4	3	5	20
4	3	5	24
4	3	5	25
4	3	5	25
4	3	5	28
4	3	5	30
4	3	5	38
4	3	5	48
4	3	5	58
4	3	5	70
4	3	5	88
5	3	3	1
5	3	3	2
5	3	3	2
5	3	3	2
5	3	3	3
5	3	3	5
5	3	4	1
5	3	4	1
5	3	4	3
5	3	4	3
5	3	4	4
5	3	4	9
5	3	5	5
5	3	5	5
5	3	5	6
5	3	5	6
5	3	5	7
5	3	5	8
5	3	5	8
5	3	5	9
5	3	5	11
5	3	5	16
5	3	5	17
5	3	5	25
5	3	5	27
5	3	5	40
5	3	5	42
5	3	5	49
6	3	3	1
6	3	3	2
6	3	3	3
6	3	3	5
6	3	4	1
6	3	4	1
6	3	4	1
6	3	4	2
6	3	4	2
6	3	4	3
6	3	5	1
6	3	5	2
6	3	5	5
6	3	5	5
6	3	5	6
6	3	5	7
6	3	5	11
6	3	5	19
7	3	3	1
7	3	3	1
7	3	4	1
7	3	4	1
7	3	4	2
7	3	4	2
7	3	4	8
7	3	4	10
7	3	5	1
7	3	5	1
7	3	5	2
7	3	5	2
7	3	5	14
10	3	4	1
10	3	4	3
10	3	4	6
10	3	5	2
10	3	5	12
11	3	3	1
11	3	3	5
11	3	4	1
11	3	4	2
11	3	4	2
11	3	4	2
11	3	4	5
11	3	4	7
11	3	5	12
11	3	5	18
11	3	5	30
11	3	5	37
11	3	5	59
11	3	5	66
11	3	5	76
11	3	5	83
11	3	5	102
11	3	5	118
11	3	5	143
12	3	3	1
12	3	3	1
12	3	3	2
12	3	3	2
12	3	3	3
12	3	4	1
12	3	4	1
12	3	4	1
12	3	4	1
12	3	4	2
12	3	4	2
12	3	4	2
12	3	4	12
12	3	4	19
12	3	4	21
12	3	5	12
12	3	5	12
12	3	5	15
12	3	5	26
12	3	5	34
12	3	5	34
12	3	5	45
12	3	5	87
12	3	5	128
12	3	5	145
12	3	5	152
12	3	5	203
13	3	3	1
13	3	3	1
13	3	3	2
13	3	3	2
13	3	3	3
13	3	4	1
13	3	4	1
13	3	4	1
13	3	4	1
13	3	4	2
13	3	4	2
13	3	4	2
13	3	4	12
13	3	4	19
13	3	4	21
13	3	5	12
13	3	5	12
13	3	5	15
13	3	5	26
13	3	5	34
13	3	5	34
13	3	5	45
13	3	5	87
13	3	5	128
13	3	5	145
13	3	5	152
13	3	5	203
14	3	3	3
14	3	4	3
14	3	4	8
15	3	4	5
15	3	4	11
15	3	5	3
15	3	5	16
15	3	5	27
16	3	5	3
16	3	5	8
16	3	5	13
16	3	5	23
16	3	5	37
17	3	3	3
17	3	4	1
17	3	4	2
17	3	4	3
17	3	5	3
17	3	5	21
17	3	5	36
17	3	5	37
18	3	4	20
18	3	5	1
18	3	5	35
18	3	5	50
18	3	5	53
18	3	5	77
18	3	5	83
18	3	5	144
18	3	5	167
19	3	3	2
19	3	5	33
19	3	5	43
19	3	5	54
19	3	5	56
19	3	5	58
20	3	3	1
20	3	3	6
20	3	5	2
20	3	5	24
20	3	5	26
20	3	5	64
20	3	5	126
2	4	5	18
2	4	5	23
3	4	5	3
3	4	5	17
4	4	3	1
4	4	3	1
4	4	4	1
4	4	4	1
4	4	4	3
4	4	4	4
4	4	4	5
4	4	4	8
4	4	4	14
4	4	5	9
4	4	5	27
4	4	5	28
5	4	3	1
5	4	3	1
5	4	4	1
5	4	4	2
5	4	4	6
5	4	4	7
5	4	4	8
5	4	4	10
5	4	4	11
5	4	4	12
5	4	5	7
5	4	5	17
5	4	5	23
5	4	5	25
5	4	5	28
5	4	5	31
5	4	5	33
5	4	5	35
5	4	5	45
5	4	5	77
6	4	3	1
6	4	4	3
6	4	4	7
6	4	4	16
6	4	5	4
6	4	5	8
6	4	5	10
6	4	5	11
6	4	5	13
6	4	5	22
6	4	5	25
6	4	5	32
6	4	5	34
6	4	5	38
6	4	5	40
6	4	5	45
6	4	5	51
6	4	5	61
6	4	5	69
6	4	5	160
7	4	3	1
7	4	4	2
7	4	4	6
7	4	4	10
7	4	4	13
7	4	5	2
7	4	5	2
7	4	5	3
7	4	5	3
7	4	5	5
7	4	5	10
7	4	5	21
7	4	5	24
7	4	5	26
7	4	5	30
7	4	5	32
7	4	5	36
7	4	5	71
7	4	5	99
8	4	3	1
8	4	3	1
8	4	3	1
8	4	3	1
8	4	3	1
8	4	3	2
8	4	4	5
8	4	4	6
8	4	5	4
8	4	5	5
8	4	5	5
8	4	5	5
8	4	5	14
8	4	5	19
8	4	5	23
8	4	5	24
8	4	5	28
8	4	5	29
8	4	5	41
9	4	3	1
9	4	4	3
9	4	4	3
9	4	4	5
9	4	4	9
9	4	5	2
9	4	5	3
9	4	5	10
9	4	5	11
9	4	5	16
9	4	5	16
9	4	5	18
9	4	5	19
9	4	5	26
10	4	3	1
10	4	3	1
10	4	3	1
10	4	3	2
10	4	4	3
10	4	4	4
10	4	4	5
10	4	4	11
10	4	5	6
10	4	5	6
10	4	5	8
10	4	5	15
10	4	5	16
10	4	5	20
10	4	5	26
10	4	5	34
10	4	5	54
11	4	3	3
11	4	4	2
11	4	4	3
11	4	4	6
11	4	4	8
11	4	4	9
11	4	4	10
11	4	4	11
11	4	4	12
11	4	5	7
11	4	5	15
11	4	5	18
11	4	5	23
11	4	5	23
11	4	5	52
11	4	5	52
12	4	3	1
12	4	4	1
12	4	4	3
12	4	4	9
12	4	5	4
12	4	5	4
12	4	5	12
12	4	5	36
13	4	3	1
13	4	4	1
13	4	4	3
13	4	4	9
13	4	5	4
13	4	5	4
13	4	5	12
13	4	5	36
14	4	3	3
15	4	4	3
15	4	4	5
16	4	3	2
16	4	4	2
16	4	5	1
16	4	5	9
16	4	5	15
16	4	5	29
17	4	3	1
17	4	3	2
17	4	4	2
17	4	4	3
17	4	5	10
17	4	5	11
17	4	5	11
17	4	5	16
17	4	5	17
17	4	5	19
17	4	5	43
18	4	3	1
18	4	3	2
18	4	3	2
18	4	3	3
18	4	3	3
18	4	3	7
18	4	3	7
18	4	4	2
18	4	4	3
18	4	4	4
18	4	4	4
18	4	4	7
18	4	4	8
18	4	4	10
18	4	4	13
18	4	4	15
18	4	5	7
18	4	5	14
18	4	5	17
18	4	5	25
20	4	3	1
20	4	3	2
2	5	3	1
2	5	3	1
2	5	3	1
2	5	3	1
2	5	3	1
2	5	3	1
2	5	3	2
2	5	3	2
2	5	3	2
2	5	3	2
2	5	3	2
2	5	3	2
2	5	3	3
2	5	3	3
2	5	3	3
2	5	3	5
2	5	4	1
2	5	4	1
2	5	4	1
2	5	4	1
2	5	4	1
2	5	4	1
2	5	4	2
2	5	4	3
2	5	4	4
2	5	4	4
2	5	4	4
2	5	4	5
2	5	4	6
2	5	4	11
2	5	4	11
2	5	4	12
2	5	5	1
2	5	5	1
2	5	5	2
2	5	5	4
2	5	5	4
2	5	5	4
2	5	5	22
2	5	5	27
2	5	5	27
2	5	5	39
3	5	3	1
3	5	3	1
3	5	3	1
3	5	3	1
3	5	3	2
3	5	3	3
3	5	3	5
3	5	3	8
3	5	4	1
3	5	4	1
3	5	4	1
3	5	4	1
3	5	4	2
3	5	4	2
3	5	4	3
3	5	4	3
3	5	4	3
3	5	4	4
3	5	4	4
3	5	4	4
3	5	4	4
3	5	4	6
3	5	4	6
3	5	4	7
3	5	4	15
3	5	5	1
3	5	5	1
3	5	5	2
3	5	5	2
3	5	5	3
3	5	5	3
3	5	5	4
3	5	5	7
3	5	5	8
3	5	5	13
3	5	5	15
3	5	5	23
3	5	5	24
3	5	5	25
3	5	5	68
4	5	3	1
4	5	3	1
4	5	3	2
4	5	3	3
4	5	3	5
4	5	3	5
4	5	4	1
4	5	4	1
4	5	4	1
4	5	4	1
4	5	4	2
4	5	4	3
4	5	4	4
4	5	4	4
4	5	4	4
4	5	4	4
4	5	4	5
4	5	4	6
4	5	4	6
4	5	4	8
4	5	4	9
4	5	4	11
4	5	5	2
4	5	5	5
4	5	5	7
4	5	5	8
4	5	5	10
4	5	5	12
4	5	5	12
4	5	5	13
4	5	5	13
4	5	5	15
4	5	5	15
4	5	5	16
4	5	5	17
4	5	5	21
4	5	5	25
4	5	5	26
4	5	5	33
4	5	5	39
4	5	5	84
5	5	3	1
5	5	3	1
5	5	3	1
5	5	3	2
5	5	3	2
5	5	3	3
5	5	4	3
5	5	4	4
5	5	4	6
5	5	4	6
5	5	4	10
5	5	4	12
5	5	4	12
5	5	5	1
5	5	5	3
5	5	5	5
5	5	5	10
5	5	5	12
5	5	5	12
5	5	5	15
5	5	5	15
5	5	5	15
5	5	5	16
5	5	5	17
5	5	5	19
5	5	5	20
5	5	5	21
5	5	5	24
5	5	5	28
5	5	5	28
5	5	5	32
5	5	5	32
5	5	5	35
5	5	5	37
5	5	5	47
5	5	5	63
6	5	3	1
6	5	3	1
6	5	3	1
6	5	3	2
6	5	3	2
6	5	3	3
6	5	4	1
6	5	4	1
6	5	4	1
6	5	4	5
6	5	5	1
6	5	5	1
6	5	5	1
6	5	5	1
6	5	5	4
6	5	5	6
6	5	5	7
6	5	5	9
6	5	5	9
6	5	5	9
6	5	5	17
6	5	5	38
7	5	3	2
7	5	3	2
7	5	3	3
7	5	4	9
7	5	5	1
7	5	5	1
7	5	5	2
7	5	5	2
7	5	5	3
7	5	5	4
7	5	5	4
7	5	5	6
7	5	5	14
7	5	5	30
8	5	4	4
12	5	3	1
12	5	3	1
12	5	4	1
13	5	3	1
13	5	3	1
13	5	4	1
14	5	3	3
14	5	4	1
14	5	4	3
14	5	5	3
14	5	5	7
15	5	4	1
15	5	4	3
15	5	4	5
15	5	4	10
15	5	5	17
16	5	4	2
16	5	4	2
16	5	4	3
16	5	4	8
16	5	5	3
16	5	5	6
16	5	5	14
16	5	5	14
16	5	5	16
16	5	5	46
17	5	4	6
17	5	4	7
17	5	5	5
17	5	5	7
17	5	5	9
17	5	5	11
17	5	5	22
17	5	5	27
17	5	5	28
17	5	5	174
18	5	3	1
18	5	3	1
18	5	3	3
18	5	4	1
18	5	4	4
18	5	5	1
18	5	5	4
18	5	5	12
18	5	5	14
18	5	5	17
18	5	5	36
18	5	5	84
18	5	5	87
18	5	5	118
19	5	4	5
19	5	5	3
19	5	5	8
19	5	5	14
19	5	5	18
19	5	5	23
19	5	5	32
19	5	5	49
19	5	5	69
20	5	3	1
20	5	3	2
20	5	3	2
20	5	4	7
20	5	4	7
20	5	4	9
20	5	5	1
20	5	5	3
20	5	5	16
20	5	5	16
20	5	5	22
20	5	5	22
20	5	5	44
END
